name: Inlinino
channels:
  - anaconda
  - conda-forge
dependencies:
  - blas=1.0=mkl
  - bzip2=1.0.8=h2466b09_7
  - ca-certificates=2025.7.14=h4c7d964_0
  - icc_rt=2022.1.0=h6049295_2
  - intel-openmp=2023.2.0=h57928b3_50497
  - libblas=3.9.0=20_win64_mkl
  - libcblas=3.9.0=20_win64_mkl
  - libexpat=2.7.0=he0c23c2_0
  - libffi=3.4.6=h537db12_1
  - libhwloc=2.11.2=default_ha69328c_1001
  - libiconv=1.18=h135ad9c_1
  - liblapack=3.9.0=20_win64_mkl
  - liblzma=5.8.1=h2466b09_1
  - libsqlite=3.50.0=h67fdade_0
  - libwinpthread=12.0.0.r4.gg4f2fc60ca=h57928b3_9
  - libxml2=2.13.8=h442d1da_0
  - libzlib=1.3.1=h2466b09_2
  - mkl=2023.2.0=h6a75c08_50497
  - mkl-service=2.4.1=py310hd8d643f_1
  - numpy=1.26.4=py310hf667824_0
  - openssl=3.5.1=h725018a_0
  - pip=25.1.1=pyh8b19718_0
  - pyserial=3.5=pyhd8ed1ab_1
  - python=3.10.17=h8c5b53a_0_cpython
  - python_abi=3.10=7_cp310
  - scipy=1.15.3=py310h180bac5_0
  - setuptools=80.9.0=pyhff2d567_0
  - tbb=2021.13.0=h62715c5_1
  - tk=8.6.13=h2c6b04d_2
  - tzdata=2025b=h78e105d_0
  - ucrt=10.0.22621.0=h57928b3_1
  - vc=14.3=h2b53caa_26
  - vc14_runtime=14.44.35208=h818238b_26
  - vs2015_runtime=14.44.35208=h38c0c73_26
  - wheel=0.45.1=pyhd8ed1ab_1
  - pip:
      - pyacs==0.1.1
prefix: C:\Users\ridopoco\miniforge3\envs\Inlinino
